0 0.875781 0.114583 0.026562 0.045833
0 0.855469 0.136458 0.029687 0.035417
0 0.840625 0.161458 0.028125 0.035417
0 0.817187 0.185417 0.037500 0.062500
0 0.798438 0.210417 0.046875 0.062500
0 0.865625 0.218750 0.046875 0.054167
4 0.658594 0.202083 0.014063 0.058333
4 0.607031 0.211458 0.014063 0.039583
0 0.246094 0.296875 0.098437 0.064583
0 0.195312 0.358333 0.121875 0.087500
0 0.034375 0.313542 0.065625 0.077083
0 0.943750 0.352083 0.112500 0.075000
0 0.814063 0.579167 0.225000 0.200000
0 0.337500 0.294792 0.065625 0.056250