0 0.460156 0.290625 0.054688 0.077083
0 0.369531 0.047917 0.010937 0.008333
0 0.403906 0.051042 0.010937 0.010417
0 0.408594 0.036458 0.007812 0.006250
0 0.671094 0.123958 0.020313 0.027083
0 0.700000 0.122917 0.025000 0.025000
0 0.729688 0.117708 0.021875 0.014583
0 0.830469 0.143750 0.032813 0.016667
0 0.824219 0.171875 0.035937 0.022917
0 0.850000 0.166667 0.034375 0.025000
0 0.916406 0.155208 0.042188 0.018750
0 0.421875 0.029167 0.009375 0.008333
0 0.910937 0.715625 0.153125 0.235417
4 0.284375 0.223958 0.015625 0.043750
0 0.986719 0.264583 0.026562 0.054167
0 0.408594 0.029167 0.007812 0.008333
0 0.735938 0.137500 0.040625 0.025000
4 0.617188 0.116667 0.009375 0.033333