1 0.627344 0.115625 0.032813 0.081250
0 0.620313 0.154167 0.021875 0.033333
0 0.613281 0.172917 0.020313 0.025000
0 0.589063 0.203125 0.028125 0.043750
0 0.661719 0.118750 0.017188 0.041667
0 0.658594 0.154167 0.026562 0.033333
0 0.650781 0.186458 0.023438 0.035417
1 0.617969 0.216667 0.054688 0.087500
0 0.495312 0.297917 0.065625 0.075000
0 0.508594 0.360417 0.089063 0.095833
0 0.363281 0.412500 0.110937 0.104167
0 0.197656 0.666667 0.204687 0.200000
4 0.832031 0.186458 0.014063 0.056250
4 0.814063 0.182292 0.015625 0.072917
0 0.512500 0.162500 0.043750 0.029167
0 0.484375 0.176042 0.062500 0.039583
0 0.452344 0.185417 0.082812 0.045833
0 0.437500 0.120833 0.025000 0.020833
0 0.407813 0.133333 0.037500 0.033333
0 0.370312 0.163542 0.043750 0.018750
0 0.350781 0.179167 0.042188 0.025000