4 0.709375 0.182292 0.012500 0.043750
0 0.168750 0.354167 0.121875 0.083333
0 0.242969 0.433333 0.160938 0.100000
0 0.287500 0.543750 0.168750 0.145833
0 0.028125 0.311458 0.053125 0.068750
0 0.757031 0.563542 0.257812 0.177083
0 0.864844 0.134375 0.029687 0.039583
0 0.879687 0.109375 0.021875 0.027083
0 0.928906 0.086458 0.026562 0.031250
0 0.907031 0.137500 0.029687 0.033333
0 0.957812 0.076042 0.018750 0.027083
0 0.896094 0.087500 0.020313 0.025000
0 0.944531 0.053125 0.014063 0.014583
0 0.910937 0.067708 0.015625 0.018750
0 0.918750 0.045833 0.009375 0.020833