0 0.245312 0.137500 0.043750 0.029167
0 0.036719 0.166667 0.042188 0.029167
0 0.194531 0.155208 0.064062 0.035417
5 0.710156 0.357292 0.029687 0.081250
0 0.207813 0.403125 0.084375 0.110417
0 0.026562 0.525000 0.050000 0.141667
0 0.232031 0.238542 0.054688 0.052083
0 0.282031 0.188542 0.042188 0.043750
0 0.328125 0.160417 0.034375 0.033333
0 0.335938 0.194792 0.031250 0.043750
0 0.364844 0.135417 0.026562 0.025000
0 0.407031 0.129167 0.020313 0.025000
0 0.467187 0.132292 0.018750 0.027083
0 0.440625 0.090625 0.015625 0.018750
0 0.458594 0.083333 0.014063 0.016667
0 0.475781 0.094792 0.014063 0.022917
0 0.484375 0.109375 0.015625 0.018750
0 0.489844 0.087500 0.014063 0.020833
0 0.506250 0.089583 0.012500 0.020833