0 0.245312 0.137500 0.043750 0.029167
0 0.036719 0.166667 0.042188 0.029167
0 0.194531 0.155208 0.064062 0.035417
2 0.239063 0.195833 0.118750 0.120833
0 0.298438 0.221875 0.053125 0.068750
0 0.389844 0.264583 0.045312 0.050000
5 0.586719 0.294792 0.026562 0.064583
0 0.439844 0.094792 0.020313 0.031250
0 0.443750 0.121875 0.021875 0.027083
0 0.389062 0.121875 0.028125 0.022917
0 0.398438 0.196875 0.028125 0.035417
0 0.329688 0.160417 0.028125 0.029167
0 0.310937 0.168750 0.031250 0.037500
0 0.337500 0.201042 0.031250 0.047917