4 0.658594 0.214583 0.017188 0.045833
4 0.603906 0.218750 0.010937 0.041667
4 0.569531 0.204167 0.007812 0.041667
4 0.561719 0.207292 0.007812 0.031250
0 0.896094 0.086458 0.020313 0.022917
0 0.908594 0.069792 0.014063 0.018750
0 0.885156 0.105208 0.023438 0.027083
0 0.855469 0.135417 0.026562 0.029167
0 0.840625 0.161458 0.028125 0.035417
0 0.816406 0.183333 0.035937 0.054167
0 0.799219 0.209375 0.048438 0.060417
0 0.866406 0.220833 0.045312 0.054167
0 0.196094 0.357292 0.123438 0.089583
0 0.328906 0.450000 0.179688 0.112500
0 0.401562 0.579167 0.212500 0.158333