0 0.667969 0.383333 0.132812 0.112500
0 0.371094 0.048958 0.014063 0.010417
0 0.403906 0.051042 0.010937 0.010417
0 0.408594 0.036458 0.007812 0.006250
4 0.793750 0.204167 0.015625 0.045833
0 0.671094 0.123958 0.020313 0.027083
0 0.700000 0.122917 0.025000 0.025000
0 0.729688 0.117708 0.021875 0.014583
0 0.830469 0.143750 0.032813 0.016667
0 0.824219 0.171875 0.035937 0.022917
0 0.850000 0.166667 0.034375 0.025000
0 0.916406 0.155208 0.042188 0.018750
0 0.426563 0.050000 0.009375 0.012500
0 0.421094 0.027083 0.007812 0.004167
0 0.736719 0.138542 0.035937 0.031250
7 0.671094 0.159375 0.010937 0.035417