0 0.436719 0.122917 0.026562 0.020833
0 0.407813 0.132292 0.034375 0.031250
0 0.371875 0.164583 0.040625 0.025000
0 0.353125 0.176042 0.050000 0.027083
0 0.511719 0.161458 0.042188 0.027083
0 0.485156 0.176042 0.064062 0.039583
0 0.450000 0.181250 0.078125 0.041667
0 0.627344 0.084375 0.007812 0.014583
0 0.657813 0.083333 0.012500 0.012500
0 0.633594 0.097917 0.010937 0.016667
0 0.654687 0.101042 0.012500 0.022917
0 0.678906 0.096875 0.010937 0.018750
0 0.689063 0.111458 0.018750 0.022917
0 0.725000 0.133333 0.028125 0.045833
0 0.692187 0.153125 0.025000 0.043750
0 0.632031 0.133333 0.020313 0.037500
0 0.621094 0.155208 0.020313 0.031250
0 0.606250 0.181250 0.025000 0.037500
0 0.576562 0.230208 0.043750 0.052083
0 0.661719 0.258333 0.048438 0.050000
6 0.656250 0.151042 0.012500 0.035417
0 0.525781 0.466667 0.114062 0.129167
0 0.587500 0.562500 0.134375 0.170833
0 0.328125 0.429167 0.128125 0.116667
0 0.208594 0.651042 0.217188 0.227083
4 0.927344 0.371875 0.026562 0.093750