0 0.439844 0.122917 0.023438 0.020833
0 0.408594 0.133333 0.035937 0.029167
0 0.511719 0.159375 0.039062 0.022917
0 0.484375 0.179167 0.065625 0.037500
0 0.448437 0.183333 0.075000 0.037500
0 0.373437 0.166667 0.037500 0.025000
0 0.352344 0.176042 0.045312 0.022917
0 0.338281 0.187500 0.048438 0.029167
0 0.636719 0.104167 0.017188 0.020833
0 0.735156 0.166667 0.026562 0.033333
0 0.564844 0.240625 0.042188 0.052083
0 0.528125 0.278125 0.053125 0.060417
0 0.590625 0.275000 0.056250 0.058333
5 0.574219 0.173958 0.010937 0.039583
5 0.973437 0.477083 0.053125 0.112500
5 0.201563 0.454167 0.050000 0.091667
5 0.103125 0.518750 0.062500 0.100000