0 0.439844 0.122917 0.023438 0.020833
0 0.408594 0.133333 0.035937 0.029167
0 0.511719 0.159375 0.039062 0.022917
0 0.484375 0.179167 0.065625 0.037500
0 0.448437 0.183333 0.075000 0.037500
0 0.373437 0.166667 0.037500 0.025000
0 0.352344 0.176042 0.045312 0.022917
0 0.338281 0.187500 0.048438 0.029167
0 0.629687 0.078125 0.012500 0.014583
0 0.644531 0.084375 0.010937 0.014583
0 0.635938 0.104167 0.012500 0.016667
0 0.655469 0.093750 0.010937 0.012500
0 0.658594 0.111458 0.017188 0.022917
0 0.631250 0.133333 0.018750 0.020833
2 0.616406 0.208333 0.095312 0.137500
0 0.656250 0.138542 0.015625 0.018750
0 0.221875 0.523958 0.146875 0.139583
0 0.193750 0.659375 0.221875 0.239583