0 0.477344 0.317708 0.064062 0.085417
0 0.371094 0.048958 0.014063 0.010417
0 0.403906 0.051042 0.010937 0.010417
0 0.408594 0.036458 0.007812 0.006250
0 0.671094 0.123958 0.020313 0.027083
0 0.700000 0.122917 0.025000 0.025000
0 0.729688 0.117708 0.021875 0.014583
0 0.830469 0.143750 0.032813 0.016667
0 0.824219 0.171875 0.035937 0.022917
0 0.850000 0.166667 0.034375 0.025000
0 0.916406 0.155208 0.042188 0.018750
0 0.989062 0.260417 0.021875 0.045833
0 0.408594 0.029167 0.007812 0.008333
0 0.735938 0.137500 0.040625 0.025000
5 0.907813 0.308333 0.043750 0.079167
4 0.917188 0.247917 0.021875 0.054167
0 0.552344 0.286458 0.089063 0.118750
0 0.435937 0.243750 0.040625 0.054167
0 0.429688 0.212500 0.034375 0.041667