0 0.192188 0.081250 0.028125 0.029167
0 0.260156 0.076042 0.042188 0.027083
0 0.107031 0.111458 0.039062 0.052083
0 0.167187 0.192708 0.059375 0.068750
0 0.264062 0.132292 0.031250 0.031250
0 0.296094 0.177083 0.070312 0.083333
0 0.348438 0.191667 0.037500 0.041667
0 0.285156 0.328125 0.082812 0.102083
0 0.383594 0.339583 0.082812 0.091667
4 0.067187 0.386458 0.025000 0.089583
0 0.653125 0.271875 0.081250 0.052083
0 0.711719 0.481250 0.145313 0.112500
0 0.642188 0.687500 0.196875 0.270833
0 0.770312 0.202083 0.018750 0.025000
5 0.800000 0.382292 0.025000 0.064583