0 0.371094 0.048958 0.014063 0.010417
0 0.403906 0.051042 0.010937 0.010417
0 0.408594 0.036458 0.007812 0.006250
0 0.671094 0.123958 0.020313 0.027083
0 0.700000 0.122917 0.025000 0.025000
0 0.729688 0.117708 0.021875 0.014583
0 0.830469 0.143750 0.032813 0.016667
0 0.824219 0.171875 0.035937 0.022917
0 0.850000 0.166667 0.034375 0.025000
0 0.916406 0.155208 0.042188 0.018750
0 0.408594 0.029167 0.007812 0.008333
0 0.735938 0.137500 0.040625 0.025000
0 0.389062 0.338542 0.059375 0.089583
0 0.442188 0.261458 0.050000 0.064583
0 0.372656 0.279167 0.048438 0.058333
0 0.425000 0.067708 0.012500 0.018750
0 0.685937 0.498958 0.125000 0.156250
5 0.060156 0.721875 0.104688 0.168750
2 0.944531 0.262500 0.110937 0.116667
0 0.425000 0.168750 0.025000 0.041667
0 0.364063 0.176042 0.037500 0.068750