0 0.245312 0.137500 0.043750 0.029167
0 0.036719 0.166667 0.042188 0.029167
0 0.194531 0.155208 0.064062 0.035417
5 0.798438 0.429167 0.050000 0.091667
0 0.179688 0.281250 0.059375 0.062500
0 0.273438 0.263542 0.056250 0.060417
0 0.282813 0.200000 0.046875 0.041667
0 0.307812 0.169792 0.031250 0.035417
0 0.333594 0.160417 0.032813 0.033333
0 0.385156 0.143750 0.026562 0.033333
0 0.391406 0.117708 0.020313 0.018750
0 0.446875 0.170833 0.025000 0.037500
0 0.466406 0.135417 0.023438 0.020833
0 0.446094 0.117708 0.020313 0.027083
0 0.463281 0.109375 0.017188 0.027083
0 0.488281 0.108333 0.020313 0.025000
0 0.489844 0.086458 0.017188 0.018750
0 0.440625 0.102083 0.015625 0.020833