0 0.439844 0.122917 0.023438 0.020833
0 0.408594 0.133333 0.035937 0.029167
0 0.511719 0.159375 0.039062 0.022917
0 0.484375 0.179167 0.065625 0.037500
0 0.448437 0.183333 0.075000 0.037500
0 0.373437 0.166667 0.037500 0.025000
0 0.352344 0.176042 0.045312 0.022917
0 0.338281 0.187500 0.048438 0.029167
0 0.632031 0.080208 0.010937 0.010417
0 0.654687 0.097917 0.012500 0.020833
0 0.684375 0.098958 0.015625 0.018750
0 0.696875 0.160417 0.025000 0.033333
0 0.652344 0.145833 0.020313 0.029167
5 0.605469 0.117708 0.007812 0.031250
5 0.590625 0.145833 0.009375 0.033333
4 0.475781 0.235417 0.010937 0.045833
0 0.614062 0.232292 0.043750 0.047917
0 0.682813 0.222917 0.043750 0.062500
0 0.722656 0.292708 0.051562 0.060417
5 0.632812 0.959375 0.078125 0.081250