0 0.371094 0.048958 0.014063 0.010417
0 0.403906 0.051042 0.010937 0.010417
0 0.408594 0.036458 0.007812 0.006250
0 0.671094 0.123958 0.020313 0.027083
0 0.700000 0.122917 0.025000 0.025000
0 0.729688 0.117708 0.021875 0.014583
0 0.830469 0.143750 0.032813 0.016667
0 0.824219 0.171875 0.035937 0.022917
0 0.850000 0.166667 0.034375 0.025000
0 0.916406 0.155208 0.042188 0.018750
0 0.408594 0.029167 0.007812 0.008333
0 0.735938 0.137500 0.040625 0.025000
0 0.389062 0.338542 0.059375 0.085417
0 0.442969 0.262500 0.051562 0.062500
0 0.372656 0.279167 0.048438 0.058333
0 0.703906 0.494792 0.126562 0.152083
0 0.917969 0.305208 0.073438 0.068750
0 0.434375 0.212500 0.037500 0.041667
0 0.363281 0.214583 0.051562 0.079167
0 0.419531 0.187500 0.032813 0.050000
4 0.352344 0.430208 0.023438 0.089583