0 0.526563 0.277083 0.065625 0.070833
0 0.370312 0.048958 0.012500 0.010417
0 0.403906 0.052083 0.010937 0.012500
0 0.408594 0.039583 0.007812 0.008333
0 0.410156 0.031250 0.007812 0.008333
0 0.671875 0.128125 0.025000 0.031250
0 0.699219 0.123958 0.026562 0.027083
0 0.729688 0.122917 0.028125 0.025000
0 0.736719 0.139583 0.039062 0.029167
0 0.823438 0.175000 0.040625 0.025000
0 0.831250 0.145833 0.037500 0.020833
0 0.849219 0.167708 0.042188 0.027083
0 0.915625 0.155208 0.046875 0.022917
0 0.479687 0.313542 0.065625 0.072917
4 0.792188 0.243750 0.015625 0.058333