0 0.739844 0.216667 0.057813 0.070833
0 0.817187 0.198958 0.028125 0.039583
0 0.807813 0.222917 0.040625 0.054167
2 0.880469 0.109375 0.048438 0.060417
0 0.828906 0.162500 0.042188 0.066667
0 0.775000 0.160417 0.034375 0.045833
0 0.792969 0.134375 0.023438 0.047917
0 0.828906 0.104167 0.020313 0.020833
5 0.488281 0.254167 0.035937 0.058333
4 0.424219 0.251042 0.017188 0.060417
4 0.400781 0.243750 0.014063 0.058333
0 0.589844 0.428125 0.185938 0.122917
0 0.278906 0.384375 0.139063 0.106250
0 0.916406 0.405208 0.126562 0.097917
0 0.007031 0.372917 0.010937 0.037500
0 0.786719 0.087500 0.020313 0.020833