0 0.371094 0.048958 0.014063 0.010417
0 0.403906 0.051042 0.010937 0.010417
0 0.408594 0.036458 0.007812 0.006250
0 0.671094 0.123958 0.020313 0.027083
0 0.700000 0.122917 0.025000 0.025000
0 0.729688 0.117708 0.021875 0.014583
0 0.830469 0.143750 0.032813 0.016667
0 0.824219 0.171875 0.035937 0.022917
0 0.850000 0.166667 0.034375 0.025000
0 0.916406 0.155208 0.042188 0.018750
0 0.989062 0.258333 0.021875 0.050000
0 0.408594 0.029167 0.007812 0.008333
0 0.735938 0.137500 0.040625 0.025000
0 0.452344 0.282292 0.051562 0.064583
0 0.434375 0.230208 0.040625 0.052083
0 0.717969 0.578125 0.170313 0.197917
0 0.654687 0.356250 0.140625 0.154167
4 0.895312 0.247917 0.018750 0.054167
0 0.610938 0.181250 0.040625 0.037500
5 0.722656 0.196875 0.014063 0.052083