0 0.371094 0.048958 0.014063 0.010417
0 0.403906 0.051042 0.010937 0.010417
0 0.408594 0.036458 0.007812 0.006250
0 0.671094 0.123958 0.020313 0.027083
0 0.700000 0.122917 0.025000 0.025000
0 0.729688 0.117708 0.021875 0.014583
0 0.830469 0.143750 0.032813 0.016667
0 0.824219 0.171875 0.035937 0.022917
0 0.850000 0.166667 0.034375 0.025000
0 0.916406 0.155208 0.042188 0.018750
0 0.408594 0.029167 0.007812 0.008333
0 0.735938 0.137500 0.040625 0.025000
0 0.961719 0.278125 0.076563 0.064583
0 0.508594 0.244792 0.067187 0.106250
5 0.225000 0.512500 0.037500 0.125000
0 0.386719 0.126042 0.020313 0.031250
0 0.791406 0.404167 0.098437 0.091667
5 0.251563 0.275000 0.021875 0.070833