0 0.245312 0.137500 0.043750 0.029167
0 0.036719 0.166667 0.042188 0.029167
0 0.194531 0.155208 0.064062 0.035417
2 0.239063 0.195833 0.118750 0.120833
0 0.298438 0.221875 0.053125 0.068750
5 0.611719 0.314583 0.023438 0.070833
0 0.400781 0.319792 0.057813 0.064583
0 0.395313 0.225000 0.028125 0.041667
0 0.448437 0.090625 0.025000 0.031250
0 0.400000 0.115625 0.028125 0.022917
0 0.432812 0.130208 0.021875 0.027083
0 0.329688 0.160417 0.025000 0.029167
0 0.307812 0.168750 0.025000 0.033333
0 0.340625 0.194792 0.031250 0.043750