0 0.371094 0.048958 0.014063 0.010417
0 0.403906 0.051042 0.010937 0.010417
0 0.408594 0.036458 0.007812 0.006250
0 0.671094 0.123958 0.020313 0.027083
0 0.700000 0.122917 0.025000 0.025000
0 0.729688 0.117708 0.021875 0.014583
0 0.830469 0.143750 0.032813 0.016667
0 0.824219 0.171875 0.035937 0.022917
0 0.850000 0.166667 0.034375 0.025000
0 0.916406 0.155208 0.042188 0.018750
0 0.408594 0.029167 0.007812 0.008333
0 0.735938 0.137500 0.040625 0.025000
0 0.499219 0.636458 0.110937 0.227083
0 0.888281 0.776042 0.223438 0.327083
0 0.397656 0.312500 0.082812 0.137500
0 0.483594 0.309375 0.067187 0.081250
0 0.431250 0.223958 0.043750 0.060417
0 0.780469 0.415625 0.151562 0.110417
0 0.992188 0.255208 0.015625 0.043750
4 0.886719 0.222917 0.014063 0.045833
5 0.753125 0.219792 0.018750 0.052083