0 0.742188 0.154167 0.025000 0.033333
0 0.696875 0.161458 0.025000 0.035417
0 0.660937 0.152083 0.021875 0.033333
0 0.657813 0.172917 0.012500 0.033333
1 0.636719 0.187500 0.039062 0.066667
0 0.618750 0.151042 0.021875 0.022917
0 0.612500 0.176042 0.018750 0.031250
0 0.600781 0.196875 0.026562 0.035417
0 0.623437 0.235417 0.043750 0.050000
0 0.580469 0.217708 0.042188 0.047917
0 0.542969 0.261458 0.051562 0.060417
0 0.594531 0.268750 0.054688 0.062500
0 0.439063 0.123958 0.025000 0.022917
0 0.408594 0.133333 0.035937 0.029167
0 0.512500 0.158333 0.037500 0.025000
0 0.485938 0.176042 0.062500 0.031250
0 0.450000 0.183333 0.078125 0.037500
0 0.371094 0.165625 0.045312 0.027083