0 0.555469 0.409375 0.098437 0.106250
7 0.840625 0.271875 0.025000 0.068750
0 0.537500 0.286458 0.071875 0.072917
0 0.371094 0.047917 0.010937 0.008333
0 0.403906 0.051042 0.010937 0.010417
0 0.408594 0.036458 0.007812 0.006250
0 0.423438 0.035417 0.006250 0.008333
0 0.410156 0.030208 0.007812 0.006250
4 0.807813 0.232292 0.015625 0.056250
0 0.671094 0.123958 0.020313 0.027083
0 0.700000 0.122917 0.025000 0.025000
0 0.729688 0.117708 0.021875 0.014583
0 0.830469 0.143750 0.032813 0.016667
0 0.824219 0.171875 0.035937 0.022917
0 0.850000 0.166667 0.034375 0.025000
0 0.916406 0.155208 0.042188 0.018750
0 0.735938 0.138542 0.037500 0.031250