0 0.371094 0.048958 0.014063 0.010417
0 0.403906 0.051042 0.010937 0.010417
0 0.408594 0.036458 0.007812 0.006250
0 0.671094 0.123958 0.020313 0.027083
0 0.700000 0.122917 0.025000 0.025000
0 0.729688 0.117708 0.021875 0.014583
0 0.830469 0.143750 0.032813 0.016667
0 0.824219 0.171875 0.035937 0.022917
0 0.850000 0.166667 0.034375 0.025000
0 0.916406 0.155208 0.042188 0.018750
0 0.408594 0.029167 0.007812 0.008333
0 0.735938 0.137500 0.040625 0.025000
0 0.965625 0.281250 0.068750 0.054167
0 0.508594 0.244792 0.067187 0.106250
5 0.225781 0.509375 0.042188 0.131250
0 0.399219 0.091667 0.020313 0.025000
0 0.751563 0.395833 0.115625 0.120833
0 0.864062 0.510417 0.128125 0.162500
5 0.297656 0.219792 0.017188 0.052083
0 0.992188 0.331250 0.015625 0.050000