0 0.671094 0.087500 0.014063 0.020833
0 0.682813 0.106250 0.015625 0.020833
0 0.632031 0.130208 0.020313 0.027083
0 0.695312 0.139583 0.021875 0.029167
0 0.690625 0.166667 0.025000 0.025000
0 0.657031 0.160417 0.020313 0.029167
1 0.636719 0.189583 0.042188 0.070833
0 0.682813 0.219792 0.040625 0.047917
0 0.613281 0.168750 0.017188 0.033333
0 0.600781 0.192708 0.023438 0.043750
0 0.623437 0.234375 0.043750 0.052083
0 0.578125 0.217708 0.037500 0.047917
0 0.544531 0.260417 0.051562 0.062500
0 0.595313 0.268750 0.053125 0.062500
0 0.546875 0.404167 0.103125 0.087500
5 0.824219 0.345833 0.026562 0.091667
0 0.122656 0.767708 0.242188 0.227083
5 0.010156 0.589583 0.017188 0.054167
0 0.439063 0.120833 0.021875 0.020833
0 0.407813 0.133333 0.037500 0.025000
0 0.370312 0.163542 0.046875 0.027083
0 0.513281 0.160417 0.039062 0.025000
0 0.484375 0.176042 0.065625 0.035417
0 0.450781 0.182292 0.082812 0.039583